4
8
12
20
24
28
32
51
36
40
31
44
48
50
52
112
56
84
204
64
68
70
72
76
96
100
854
108
132
116
120
124
140
148
152
156
170
174
178
184
188
191
192
196
203
384
408
180
208
262
212
214
218
818
222
226
232
233
231
234
242
246
250
266
270
268
276
288
300
308
320
324
624
328
332
340
348
352
356
360
364
368
372
376
380
388
392
400
398
404
296
414
417
418
428
422
426
430
434
440
442
450
454
458
462
466
470
584
478
480
484
583
492
496
499
504
508
104
516
520
524
528
554
558
562
566
570
578
512
586
585
591
598
600
604
608
616
620
634
410
498
642
643
646
659
662
670
882
674
678
682
686
688
690
694
702
703
705
90
706
710
728
724
144
736
740
748
752
756
760
762
764
807
626
768
772
776
780
788
792
795
798
800
804
784
826
834
840
858
860
548
862
704
887
894
716
